5,10,3,15,10,10,10,5,10,10,10,8
40,70,9,0,100 40,67,12,1,50-40,70,10,0,100 40,40,17,1,100-40,69,12,1,80 40,43,15,1,60 40,43,15,1,60 40,45,11,1,30-40,69,12,1,10 40,70,12,0,100 40,70,12,0,100 
40,67,15,0,100 40,73,16,0,100 40,78,18,0,100 40,78,18,0,100 40,78,18,0,100 40,78,18,0,100 40,78,18,0,100 40,78,18,0,100 40,22,19,1,100-40,56,14,1,100-40,28,12,0,50-40,56,10,0,50 40,22,19,1,100-40,56,14,1,100-40,28,12,0,50-40,56,10,0,50 40,26,17,1,30-40,56,14,0,80-40,26,14,0,80 40,26,17,1,30-40,56,14,0,80-40,26,14,0,80 40,26,17,1,30-40,56,14,0,80-40,26,14,0,80 40,26,17,1,30-40,56,14,0,80-40,26,14,0,80 40,26,17,1,30-40,56,14,0,80-40,26,14,0,80 40,26,17,1,30-40,56,14,0,80-40,26,14,0,80 40,26,17,1,30-40,56,14,0,80-40,26,14,0,80 40,56,14,0,80-40,26,14,0,80 40,56,14,0,80-40,26,14,0,80 40,37,14,0,80 40,67,15,0,100 40,67,15,0,100 40,67,15,0,100
40,95,30,0,100 40,91,33,1,100 40,91,33,1,100 40,91,33,1,100 40,91,33,1,100 40,91,33,1,100 40,91,23,0,100 40,94,23,0,100
40,22,16,0,100 40,22,16,0,100 40,22,16,0,100 40,24,16,0,100 40,27,16,0,100 40,30,16,0,100 40,32,16,0,100 40,34,16,0,100 40,36,16,0,100 40,39,16,0,100 40,41,16,0,100 40,43,16,0,100 40,44,16,0,100 40,47,16,0,100 40,48,16,0,100 40,49,16,0,100 40,50,16,0,100 40,52,16,0,100 40,53,16,0,100 40,54,16,0,100 40,55,16,0,100 40,55,16,0,100 40,55,16,0,100 40,56,16,0,100 40,56,16,0,100 40,56,16,0,100 40,56,16,0,100 40,18,27,1,100 40,18,27,1,100 40,20,22,1,80
40,71,14,0,100 40,71,14,0,100 40,76,14,0,100 40,63,11,0,100-40,36,10,3,1  
40,68,14,0,100 40,71,14,0,100 40,71,14,0,100 40,71,14,0,100 40,72,14,0,100 40,67,14,0,100-40,33,10,3,1 40,67,14,0,100 40,67,14,0,100 40,67,14,0,100 40,69,14,0,100 40,69,14,0,100 40,69,14,0,100 40,69,14,0,100
40,68,15,0,100 40,69,15,0,100 40,70,13,0,100 40,70,13,0,100 40,71,13,0,100 40,71,13,0,100 40,71,13,0,100 40,71,13,0,100 40,25,10,3,1 40,52,14,0,100 40,72,16,0,100 40,72,16,0,100 40,72,16,0,100 40,72,16,0,100 40,72,16,0,100 40,72,16,0,100 40,72,16,0,100 40,72,16,0,100 40,72,16,0,100 40,72,16,0,100 40,72,16,0,100 40,72,16,0,100 40,72,16,0,100 40,70,16,0,100 40,70,16,0,100 40,70,16,0,100 40,70,16,0,100
40,62,14,0,100 40,62,14,0,100 40,56,22,5,100 40,56,22,5,100 40,57,22,5,100 40,57,22,5,100 40,57,22,5,100 40,57,22,5,100 40,57,22,5,100 40,57,22,5,100 40,57,22,5,100 40,57,22,5,100 40,57,22,5,100 40,57,22,5,100 40,57,22,5,100 40,57,22,5,100 40,57,22,5,100 40,62,14,0,100 40,62,14,0,100 40,62,14,0,100 40,62,14,0,100 40,62,14,0,100 40,62,14,0,100 40,62,14,0,100 40,62,14,0,100 40,62,14,0,100 40,62,14,0,100 40,62,14,0,100 40,62,14,0,100 40,62,14,0,100 40,62,14,0,100
40,94,33,0,100 40,94,33,0,100 40,85,36,2,100 40,85,36,2,100 40,88,36,2,100 40,90,36,2,100
40,90,28,0,100 40,90,28,0,100 66,67,14,4,100-40,68,15,4,100-14,67,14,4,100 66,67,14,4,100-40,68,15,4,100-14,67,14,4,100 66,67,14,4,100-40,68,15,4,100-14,67,14,4,100 40,90,28,0,100 40,90,28,0,100 40,90,28,0,100
40,84,25,0,100 40,84,25,0,100 40,78,38,6,100 40,81,38,6,100 40,81,38,6,100 40,81,38,6,100 40,81,38,6,100 40,84,25,0,100 40,84,25,0,100 40,84,25,0,100 40,84,25,0,100 40,84,25,0,100
40,77,20,0,100 40,77,20,0,100 40,77,20,0,100 40,77,20,0,100 40,77,20,0,100 40,77,20,0,100 40,33,26,1,100 40,36,22,1,30 40,36,22,1,30 40,36,22,1,30 40,36,22,1,30 40,36,22,1,30 40,36,22,1,30 40,36,22,1,30 40,36,22,1,30  40,77,20,0,100 40,77,20,0,100 40,77,20,0,100 40,77,20,0,100 40,77,20,0,100 40,77,20,0,100 40,77,20,0,100 40,77,20,0,100 40,77,20,0,100 40,77,20,0,100 40,77,20,0,100 40,77,20,0,100 40,77,20,0,100 40,77,20,0,100 40,77,20,0,100 40,77,20,0,100 40,77,20,0,100 40,77,20,0,100 40,77,20,0,100 40,77,20,0,100 40,77,20,0,100 40,77,20,0,100 40,77,20,0,100 40,77,20,0,100 40,77,20,0,100
